a:m:2,3,4,6,10,11,13,14,16,21,23,24,26,27,29,30,31,32,37,39,41,43,49,50
b:m:1,2,3,4,5,6,10,11,14,16,19,20,21,23,24,25,26,27,29,30,31,32,36,37,39,40,41,42,44,49,50
c:m:1,2,3,6,11,12,13,14,16,19,21,24,26,27,29,30,31,32,37,39,41,43,49,50
d:m:2,3,6,10,11,13,14,16,21,24,27,30,31,32,37,39,41,43,49,50
e:m:2,3,4,5,6,8,11,14,16,21,23,26,27,39,42,44
f:m:2,3,4,6,8,10,11,12,14,16,21,23,24,27,30,31,32,36,37,39,41
g:w:1,2,3,4,5,6,10,11,13,14,16,19,21,24,26,27,30,31,32,36,39,41,42,43,49,50
h:m:1,2,3,4,6,10,11,12,13,14,16,19,21,23,24,25,26,30,31,39,41,42
i:w:2,3,4,6,11,13,14,16,21,31,37,39,41,42,43,50
j:m:1,2,3,4,6,8,10,11,12,13,14,15,16,19,20,21,26,27,36,37,39,41,42,43,49,50
k:m:2,3,4,5,6,8,9,10,11,12,13,14,15,16,17,18,19,20,21,22,23,24,25,26,27,28,29,30,31,32,33,34,36,37,38,40,41,42,43,44,45,46,47,48,49,50
l:w:2,14,41
m:m:1,2,3,4,5,6,8,10,11,12,13,14,16,19,21,23,24,26,27,28,29,30,31,32,36,37,39,41,42,43,44,49,50
n:m:41
o:w:1,2,3,4,6,10,11,13,14,16,19,21,24,27,30,31,32,36,37,39,41,42,43,49,50
p:w:1,2,3,4,5,6,8,10,11,12,13,14,15,16,19,21,23,24,26,27,29,30,31,32,36,37,38,39,41,42,43,44,49,50
q:m:1,2,3,4,5,6,8,10,11,12,13,14,15,16,19,20,21,23,24,25,26,27,29,30,31,32,33,36,37,38,39,41,42,43,49,50
r:w:2,3,4,6,10,11,13,14,16,21,24,27,30,31,32,37,39,41,42,43,49,50
s:m:1,2,3,4,6,8,10,11,12,13,14,16,19,21,23,24,25,26,27,29,30,31,32,36,37,39,41,42,43,49,50
t:m:1,2,3,4,5,6,8,9,10,12,13,14,15,16,17,18,19,20,21,22,23,24,25,26,27,28,29,30,31,32,33,36,37,38,39,41,42,43,44,45,47,48,49,50
u:m:1,2,3,4,6,10,11,12,13,14,16,19,21,23,24,26,30,31,39,40,41,42
v:m:2,3,4,6,8,16,21,23,27,29,43,50
w:m:2,3,4,5,6,8,11,12,13,14,15,16,19,21,24,25,27,29,30,31,32,37,39,41,42,43,44,49,50
x:m:1,2,3,4,6,10,13,14,16,21,24,30,31,32,36,37,39,41,43,49,50
y:m:2,3,11,13,14,16,24,31,41,43
z:m:2,3,6,10,11,13,14,16,21,31,43
a:m:1,2,3,6,10,11,13,14,16,21,23,24,27,30,31,32,37,39,42,43,49,50
b:m:3,4,6,8,13,14,19,23,24,26,27,29,30,31,32,41,43,44,49,50
c:m:1,2,3,4,5,6,8,9,10,11,12,13,14,15,16,17,18,19,20,21,22,23,24,25,26,27,28,29,30,31,32,33,36,37,38,39,40,41,42,43,44,45,46,49,50
d:m:1,2,3,4,5,6,8,9,10,11,12,13,14,15,16,17,18,19,20,21,22,23,24,25,26,27,28,29,30,31,32,33,36,37,38,39,41,42,43,44,45,46,47,49,50
e:m:1,2,3,4,5,6,8,9,10,11,12,13,14,15,16,17,18,19,20,21,22,23,24,25,26,27,28,29,30,31,32,33,36,37,38,39,40,41,42,43,44,48,49,50
f:m:5,8,15,19,25,26,27,29,32,39,42,43,44,49,50
g:m:2,3,6,10,11,13,14,15,16,19,21,24,30,31,32,36,37,39,41,43,49,50
h:m:1,2,3,4,5,6,8,10,11,12,13,14,15,16,17,19,20,22,21,23,24,25,26,27,28,29,30,31,32,33,36,37,38,39,40,41,42,43,44,49,50
i:m:1,2,3,4,5,6,8,10,12,13,14,16,20,23,24,25,26,27,29,30,31,32,37,39,41,42,43,49,50
j:m:1,2,3,4,5,6,8,11,12,13,14,15,17,18,19,20,22,23,24,25,26,27,28,29,30,32,33,39,41,42,43,44,45,46,49,50
k:m:1,2,3,6,8,10,11,13,14,19,21,29,30,31,32,39,41,42,43,44,49,50
l:m:1,2,3,4,6,8,10,11,12,13,14,15,16,18,19,20,21,23,24,25,26,27,29,31,32,36,37,41,42,43,44,49,50
m:m:1,2,3,4,6,10,11,13,14,16,19,23,24,27,29,30,31,32,36,37,39,41,43,49,50
n:w:1,2,3,6,10,34,43
o:m:2,3,6,10,11,14,16,21,24,30,31,32,41,43,50
p:m:1,2,3,4,6,8,10,11,12,13,14,15,16,19,21,23,24,26,27,29,30,31,32,36,37,39,41,42,43,49,50
q:m:2,6,11,14,16,24,30,31,32,41,43
r:w:2,3,4,6,8,10,11,13,14,16,19,21,24,27,29,30,31,32,36,37,41,43,44,49,50
s:m:1,2,3,4,5,6
t:m:35
u:w:2,4,6,10,12,13,14,15,16,21,24,30,31,32,36,37,39,41,43,49,50
v:m:1,2,3,4,6,8,10,11,12,13,14,19,20,21,23,24,26,27,29,30,31,32,36,37,39,40,41,42,43,44,49,50
w:m:1,2,3,4,5,6,8,11,13,14,16,19,24,36,37,39,42,43,44
x:m:1,2,3,4,5,6,8,10,11,12,13,14,15,16,17,18,19,20,21,23,24,25,29,30,31,32,36,37,39,40,41,42,43,44,49,50
y:m:1,2,3,4,6,8,10,11,12,14,16,19,21,23,24,26,27,29,30,31,32,37,38,39,41,43,44,49,50
z:m:1,2,3,4,5,6,8,10,11,12,13,14,15,16,17,18,19,20,21,22,23,24,25,26,27,28,29,30,31,32,36,37,38,39,41,42,43,44,49,50
a:w:2,4,5,6,19,24,36,37,39,42,43
b:w:1,2,3,4,6,10,11,13,14,16,24,30,31,32,39,41,42,43,50
c:m:1,2,3,4,6,8,10,11,12,13,14,15,16,21,24,26,31,32,37,39,41,42,43,49,50
d:m:1,2,3,4,5,6,8,9,10,11,12,13,14,15,16,18,19,20,21,22,23,24,25,26,27,28,29,30,31,32,33,36,37,38,39,40,41,42,43,44,46,49,50
e:m:1,2,3,4,6,10,11,14,16,19,21,23,24,26,27,29,30,31,32,37,39,41,43,49,50
f:w:2,3,4,6,10,11,12,13,14,15,16,21,24,30,31,32,36,37,39,43,49,50
g:m:1,3,4,10,11,13,14,15,19,20,23,27,29,30,31,32,36,39,43,44,49
h:m:1,2,3,4,6,10,11,13,15,21,30,31,32,36,37,39,41,43
i:m:1,2,3,4,5,6,8,10,11,12,13,14,15,16,19,21,23,24,25,27,29,31,32,36,37,39,41,42,43,50
j:w:2,11,13,14,16,24,30,31,41
k:w:1,2,3,4,6,8,10,11,12,13,14,15,16,19,21,23,24,25,26,27,29,30,31,32,36,37,39,41,42,43,49,50
